# t[s] Vin[mV] Vsense[mV]    comment: First test of real timing.
1.861572265625000000e-02 0.000000000000000000e+00 1.656000000000000000e+03
8.020329475402832031e-02 0.000000000000000000e+00 1.656000000000000000e+03
9.711742401123046875e-02 0.000000000000000000e+00 1.656000000000000000e+03
1.151070594787597656e-01 0.000000000000000000e+00 1.652000000000000000e+03
1.338212490081787109e-01 0.000000000000000000e+00 1.652000000000000000e+03
1.512286663055419922e-01 0.000000000000000000e+00 1.647000000000000000e+03
1.691827774047851562e-01 0.000000000000000000e+00 1.647000000000000000e+03
1.861362457275390625e-01 0.000000000000000000e+00 1.642000000000000000e+03
2.040894031524658203e-01 0.000000000000000000e+00 1.642000000000000000e+03
2.225596904754638672e-01 0.000000000000000000e+00 1.642000000000000000e+03
2.403016090393066406e-01 0.000000000000000000e+00 1.647000000000000000e+03
2.572555541992187500e-01 0.000000000000000000e+00 1.647000000000000000e+03
2.747390270233154297e-01 0.000000000000000000e+00 1.642000000000000000e+03
2.929883003234863281e-01 0.000000000000000000e+00 1.642000000000000000e+03
3.106977939605712891e-01 0.000000000000000000e+00 1.637000000000000000e+03
3.276877403259277344e-01 0.000000000000000000e+00 1.637000000000000000e+03
3.457338809967041016e-01 0.000000000000000000e+00 1.632000000000000000e+03
3.625831604003906250e-01 0.000000000000000000e+00 1.632000000000000000e+03
3.805060386657714844e-01 0.000000000000000000e+00 1.637000000000000000e+03
3.984589576721191406e-01 0.000000000000000000e+00 1.637000000000000000e+03
4.159779548645019531e-01 0.000000000000000000e+00 1.637000000000000000e+03
4.333643913269042969e-01 0.000000000000000000e+00 1.637000000000000000e+03
4.505212306976318359e-01 0.000000000000000000e+00 1.632000000000000000e+03
4.684715270996093750e-01 0.000000000000000000e+00 1.627000000000000000e+03
4.864230155944824219e-01 0.000000000000000000e+00 1.627000000000000000e+03
5.033800601959228516e-01 0.000000000000000000e+00 1.627000000000000000e+03
5.213308334350585938e-01 0.000000000000000000e+00 1.627000000000000000e+03
5.388808250427246094e-01 0.000000000000000000e+00 1.632000000000000000e+03
5.558376312255859375e-01 0.000000000000000000e+00 1.632000000000000000e+03
5.733630657196044922e-01 0.000000000000000000e+00 1.627000000000000000e+03
5.913939476013183594e-01 0.000000000000000000e+00 1.627000000000000000e+03
6.086077690124511719e-01 0.000000000000000000e+00 1.622000000000000000e+03
6.260883808135986328e-01 0.000000000000000000e+00 1.622000000000000000e+03
6.435160636901855469e-01 0.000000000000000000e+00 1.617000000000000000e+03
6.610062122344970703e-01 0.000000000000000000e+00 1.622000000000000000e+03
6.789937019348144531e-01 0.000000000000000000e+00 1.627000000000000000e+03
6.959483623504638672e-01 0.000000000000000000e+00 1.627000000000000000e+03
7.141747474670410156e-01 0.000000000000000000e+00 1.622000000000000000e+03
7.317373752593994141e-01 0.000000000000000000e+00 1.622000000000000000e+03
7.498235702514648438e-01 0.000000000000000000e+00 1.617000000000000000e+03
7.673163414001464844e-01 0.000000000000000000e+00 1.617000000000000000e+03
7.849183082580566406e-01 0.000000000000000000e+00 1.612000000000000000e+03
8.016870021820068359e-01 0.000000000000000000e+00 1.617000000000000000e+03
8.196763992309570312e-01 0.000000000000000000e+00 1.622000000000000000e+03
8.375921249389648438e-01 0.000000000000000000e+00 1.622000000000000000e+03
8.546738624572753906e-01 0.000000000000000000e+00 1.617000000000000000e+03
8.726270198822021484e-01 0.000000000000000000e+00 1.617000000000000000e+03
8.895821571350097656e-01 0.000000000000000000e+00 1.617000000000000000e+03
9.075388908386230469e-01 0.000000000000000000e+00 1.612000000000000000e+03
9.244878292083740234e-01 0.000000000000000000e+00 1.612000000000000000e+03
9.427707195281982422e-01 0.000000000000000000e+00 1.612000000000000000e+03
9.603939056396484375e-01 0.000000000000000000e+00 1.617000000000000000e+03
9.773511886596679688e-01 0.000000000000000000e+00 1.617000000000000000e+03
9.951934814453125000e-01 0.000000000000000000e+00 1.612000000000000000e+03
1.012218952178955078e+00 0.000000000000000000e+00 1.612000000000000000e+03
1.032400846481323242e+00 3.000000000000000000e+02 1.612000000000000000e+03
1.051848173141479492e+00 3.000000000000000000e+02 1.612000000000000000e+03
1.071889400482177734e+00 3.000000000000000000e+02 1.612000000000000000e+03
1.091506242752075195e+00 3.000000000000000000e+02 1.612000000000000000e+03
1.110723257064819336e+00 3.000000000000000000e+02 1.608000000000000000e+03
1.130905389785766602e+00 3.000000000000000000e+02 1.608000000000000000e+03
1.149888753890991211e+00 3.000000000000000000e+02 1.608000000000000000e+03
1.169834375381469727e+00 3.000000000000000000e+02 1.608000000000000000e+03
1.189747333526611328e+00 3.000000000000000000e+02 1.608000000000000000e+03
1.209696769714355469e+00 3.000000000000000000e+02 1.603000000000000000e+03
1.229641675949096680e+00 3.000000000000000000e+02 1.603000000000000000e+03
1.248624563217163086e+00 3.000000000000000000e+02 1.603000000000000000e+03
1.268967390060424805e+00 3.000000000000000000e+02 1.603000000000000000e+03
1.288481473922729492e+00 3.000000000000000000e+02 1.608000000000000000e+03
1.307431936264038086e+00 3.000000000000000000e+02 1.603000000000000000e+03
1.327413320541381836e+00 3.000000000000000000e+02 1.603000000000000000e+03
1.347602367401123047e+00 3.000000000000000000e+02 1.598000000000000000e+03
1.366824626922607422e+00 3.000000000000000000e+02 1.598000000000000000e+03
1.386744976043701172e+00 3.000000000000000000e+02 1.598000000000000000e+03
1.406685590744018555e+00 3.000000000000000000e+02 1.598000000000000000e+03
1.425702333450317383e+00 3.000000000000000000e+02 1.598000000000000000e+03
1.446069240570068359e+00 3.000000000000000000e+02 1.598000000000000000e+03
1.467007875442504883e+00 3.000000000000000000e+02 1.598000000000000000e+03
1.486958503723144531e+00 3.000000000000000000e+02 1.598000000000000000e+03
1.506905078887939453e+00 3.000000000000000000e+02 1.598000000000000000e+03
1.527049064636230469e+00 3.000000000000000000e+02 1.598000000000000000e+03
1.545796632766723633e+00 3.000000000000000000e+02 1.593000000000000000e+03
1.565778970718383789e+00 3.000000000000000000e+02 1.593000000000000000e+03
1.585692405700683594e+00 3.000000000000000000e+02 1.593000000000000000e+03
1.605634927749633789e+00 3.000000000000000000e+02 1.593000000000000000e+03
1.626075744628906250e+00 3.000000000000000000e+02 1.593000000000000000e+03
1.645531892776489258e+00 3.000000000000000000e+02 1.593000000000000000e+03
1.665479421615600586e+00 3.000000000000000000e+02 1.588000000000000000e+03
1.685424327850341797e+00 3.000000000000000000e+02 1.588000000000000000e+03
1.705158233642578125e+00 3.000000000000000000e+02 1.588000000000000000e+03
1.724330186843872070e+00 3.000000000000000000e+02 1.588000000000000000e+03
1.744283437728881836e+00 3.000000000000000000e+02 1.588000000000000000e+03
1.763731002807617188e+00 3.000000000000000000e+02 1.583000000000000000e+03
1.783673524856567383e+00 3.000000000000000000e+02 1.588000000000000000e+03
1.803723335266113281e+00 3.000000000000000000e+02 1.583000000000000000e+03
1.823563337326049805e+00 3.000000000000000000e+02 1.583000000000000000e+03
1.843510627746582031e+00 3.000000000000000000e+02 1.583000000000000000e+03
1.862869024276733398e+00 3.000000000000000000e+02 1.583000000000000000e+03
1.882679700851440430e+00 3.000000000000000000e+02 1.583000000000000000e+03
1.902977466583251953e+00 3.000000000000000000e+02 1.583000000000000000e+03
1.922536134719848633e+00 3.000000000000000000e+02 1.583000000000000000e+03
1.942641496658325195e+00 3.000000000000000000e+02 1.583000000000000000e+03
1.962062120437622070e+00 3.000000000000000000e+02 1.583000000000000000e+03
1.982450008392333984e+00 3.000000000000000000e+02 1.583000000000000000e+03
2.001988410949707031e+00 3.000000000000000000e+02 1.588000000000000000e+03
2.021899461746215820e+00 3.000000000000000000e+02 1.583000000000000000e+03
2.042144060134887695e+00 3.000000000000000000e+02 1.583000000000000000e+03
2.061802148818969727e+00 3.000000000000000000e+02 1.583000000000000000e+03
2.081749916076660156e+00 3.000000000000000000e+02 1.583000000000000000e+03
2.101797819137573242e+00 3.000000000000000000e+02 1.583000000000000000e+03
2.121641874313354492e+00 3.000000000000000000e+02 1.583000000000000000e+03
2.141586780548095703e+00 3.000000000000000000e+02 1.583000000000000000e+03
2.161638498306274414e+00 3.000000000000000000e+02 1.583000000000000000e+03
2.181589126586914062e+00 3.000000000000000000e+02 1.588000000000000000e+03
2.200583457946777344e+00 3.000000000000000000e+02 1.583000000000000000e+03
2.221508502960205078e+00 3.000000000000000000e+02 1.583000000000000000e+03
2.241458415985107422e+00 3.000000000000000000e+02 1.583000000000000000e+03
2.261373043060302734e+00 3.000000000000000000e+02 1.583000000000000000e+03
2.281317949295043945e+00 3.000000000000000000e+02 1.583000000000000000e+03
2.301263570785522461e+00 3.000000000000000000e+02 1.578000000000000000e+03
2.320211887359619141e+00 3.000000000000000000e+02 1.578000000000000000e+03
2.340164184570312500e+00 3.000000000000000000e+02 1.578000000000000000e+03
2.360151529312133789e+00 3.000000000000000000e+02 1.583000000000000000e+03
2.379646539688110352e+00 3.000000000000000000e+02 1.583000000000000000e+03
2.399599552154541016e+00 3.000000000000000000e+02 1.583000000000000000e+03
2.419571876525878906e+00 3.000000000000000000e+02 1.583000000000000000e+03
2.439749479293823242e+00 3.000000000000000000e+02 1.583000000000000000e+03
2.459774017333984375e+00 3.000000000000000000e+02 1.583000000000000000e+03
2.479779481887817383e+00 3.000000000000000000e+02 1.583000000000000000e+03
2.499709606170654297e+00 3.000000000000000000e+02 1.583000000000000000e+03
2.519611597061157227e+00 3.000000000000000000e+02 1.583000000000000000e+03
2.539694547653198242e+00 3.000000000000000000e+02 1.583000000000000000e+03
2.559521913528442383e+00 3.000000000000000000e+02 1.583000000000000000e+03
2.578455686569213867e+00 3.000000000000000000e+02 1.583000000000000000e+03
2.598403930664062500e+00 3.000000000000000000e+02 1.583000000000000000e+03
2.618350744247436523e+00 3.000000000000000000e+02 1.583000000000000000e+03
2.638299942016601562e+00 3.000000000000000000e+02 1.583000000000000000e+03
2.658139944076538086e+00 3.000000000000000000e+02 1.583000000000000000e+03
2.677776098251342773e+00 3.000000000000000000e+02 1.583000000000000000e+03
2.697730302810668945e+00 3.000000000000000000e+02 1.583000000000000000e+03
2.717669486999511719e+00 3.000000000000000000e+02 1.583000000000000000e+03
2.737615823745727539e+00 3.000000000000000000e+02 1.583000000000000000e+03
2.757203340530395508e+00 3.000000000000000000e+02 1.583000000000000000e+03
2.776682376861572266e+00 3.000000000000000000e+02 1.583000000000000000e+03
2.796589851379394531e+00 3.000000000000000000e+02 1.583000000000000000e+03
2.816514730453491211e+00 3.000000000000000000e+02 1.583000000000000000e+03
2.836084604263305664e+00 3.000000000000000000e+02 1.583000000000000000e+03
2.855938673019409180e+00 3.000000000000000000e+02 1.583000000000000000e+03
2.876152038574218750e+00 3.000000000000000000e+02 1.583000000000000000e+03
2.895832300186157227e+00 3.000000000000000000e+02 1.578000000000000000e+03
2.915807723999023438e+00 3.000000000000000000e+02 1.578000000000000000e+03
2.934792280197143555e+00 3.000000000000000000e+02 1.578000000000000000e+03
2.955185651779174805e+00 3.000000000000000000e+02 1.578000000000000000e+03
2.974906444549560547e+00 3.000000000000000000e+02 1.578000000000000000e+03
2.994115829467773438e+00 3.000000000000000000e+02 1.578000000000000000e+03
3.014064073562622070e+00 3.000000000000000000e+02 1.578000000000000000e+03
3.031130552291870117e+00 0.000000000000000000e+00 1.573000000000000000e+03
3.048968315124511719e+00 0.000000000000000000e+00 1.573000000000000000e+03
3.066167354583740234e+00 0.000000000000000000e+00 1.573000000000000000e+03
3.083678245544433594e+00 0.000000000000000000e+00 1.568000000000000000e+03
3.101745128631591797e+00 0.000000000000000000e+00 1.573000000000000000e+03
3.118864297866821289e+00 0.000000000000000000e+00 1.578000000000000000e+03
3.136819124221801758e+00 0.000000000000000000e+00 1.578000000000000000e+03
3.154639005661010742e+00 0.000000000000000000e+00 1.573000000000000000e+03
3.171407938003540039e+00 0.000000000000000000e+00 1.573000000000000000e+03
3.189362764358520508e+00 0.000000000000000000e+00 1.573000000000000000e+03
3.207314968109130859e+00 0.000000000000000000e+00 1.568000000000000000e+03
3.224269151687622070e+00 0.000000000000000000e+00 1.568000000000000000e+03
3.242791891098022461e+00 0.000000000000000000e+00 1.568000000000000000e+03
3.260209321975708008e+00 0.000000000000000000e+00 1.573000000000000000e+03
3.278127431869506836e+00 0.000000000000000000e+00 1.573000000000000000e+03
3.295117616653442383e+00 0.000000000000000000e+00 1.573000000000000000e+03
3.313066005706787109e+00 0.000000000000000000e+00 1.573000000000000000e+03
3.331193923950195312e+00 0.000000000000000000e+00 1.568000000000000000e+03
3.347940444946289062e+00 0.000000000000000000e+00 1.568000000000000000e+03
3.365618228912353516e+00 0.000000000000000000e+00 1.564000000000000000e+03
3.383686542510986328e+00 0.000000000000000000e+00 1.564000000000000000e+03
3.401458263397216797e+00 0.000000000000000000e+00 1.568000000000000000e+03
3.419373273849487305e+00 0.000000000000000000e+00 1.573000000000000000e+03
3.436333179473876953e+00 0.000000000000000000e+00 1.573000000000000000e+03
3.455659866333007812e+00 0.000000000000000000e+00 1.568000000000000000e+03
3.472450971603393555e+00 0.000000000000000000e+00 1.568000000000000000e+03
3.490408420562744141e+00 0.000000000000000000e+00 1.568000000000000000e+03
3.508354425430297852e+00 0.000000000000000000e+00 1.564000000000000000e+03
3.526309490203857422e+00 0.000000000000000000e+00 1.564000000000000000e+03
3.543263673782348633e+00 0.000000000000000000e+00 1.559000000000000000e+03
3.560990095138549805e+00 0.000000000000000000e+00 1.564000000000000000e+03
3.578348398208618164e+00 0.000000000000000000e+00 1.568000000000000000e+03
3.596122980117797852e+00 0.000000000000000000e+00 1.568000000000000000e+03
3.613074541091918945e+00 0.000000000000000000e+00 1.568000000000000000e+03
3.630984783172607422e+00 0.000000000000000000e+00 1.564000000000000000e+03
3.647939920425415039e+00 0.000000000000000000e+00 1.559000000000000000e+03
3.665891647338867188e+00 0.000000000000000000e+00 1.559000000000000000e+03
3.683843135833740234e+00 0.000000000000000000e+00 1.559000000000000000e+03
3.700808286666870117e+00 0.000000000000000000e+00 1.564000000000000000e+03
3.718216657638549805e+00 0.000000000000000000e+00 1.568000000000000000e+03
3.736149311065673828e+00 0.000000000000000000e+00 1.568000000000000000e+03
3.753970623016357422e+00 0.000000000000000000e+00 1.564000000000000000e+03
3.770888805389404297e+00 0.000000000000000000e+00 1.559000000000000000e+03
3.788671731948852539e+00 0.000000000000000000e+00 1.559000000000000000e+03
3.805652379989624023e+00 0.000000000000000000e+00 1.559000000000000000e+03
3.823570489883422852e+00 0.000000000000000000e+00 1.559000000000000000e+03
3.840562343597412109e+00 0.000000000000000000e+00 1.559000000000000000e+03
3.858235836029052734e+00 0.000000000000000000e+00 1.564000000000000000e+03
3.875192642211914062e+00 0.000000000000000000e+00 1.564000000000000000e+03
3.893166303634643555e+00 0.000000000000000000e+00 1.559000000000000000e+03
3.910129785537719727e+00 0.000000000000000000e+00 1.559000000000000000e+03
3.928084135055541992e+00 0.000000000000000000e+00 1.559000000000000000e+03
3.945005893707275391e+00 0.000000000000000000e+00 1.554000000000000000e+03
3.963128566741943359e+00 0.000000000000000000e+00 1.554000000000000000e+03
3.980121135711669922e+00 0.000000000000000000e+00 1.559000000000000000e+03
3.998035430908203125e+00 0.000000000000000000e+00 1.559000000000000000e+03
4.015114307403564453e+00 0.000000000000000000e+00 1.559000000000000000e+03
